120220525
2419886874334512021080700014939
2419886874334502021110100012335
2419886874334572021050700020154
2419886874334512021110100010278
2419886874334542021080700006755
2419886874334572021080700016317
2419886874334572021100100014159
2419886874334542021050700029893
2419886874334572021100100024835
2419886874334572021070400032643
2419886874334582021100100000866
2419886874334512021110100003323
2419886874334572021110100011080
2419886874334572021050700013190
2419886874334572021080700032318
2419886874334512021040700010637
2419886874334572021050700011333
2419886874334572021021800003622
2419886874334542021011700009467
2419886874334512021050700007899
2419886874334572021042700018321
2419886874334512021021800022197
2419886874334572021070400029235
2419886874334572021110100022680
2419886874334572021011700014289
2419886874334512021100100025576
2419886874334572021070400017302
2419886874334502021050700031386
2419886874334572021100100009213
2419886874334582021042700031100
2419886874334572021100100006196
2419886874334512021070400001663
2419886874334572021011700027405
2419886874334572021110100021358
2419886874334542021011700026903
2419886874334502021070400028048
2419886874334582021080700008084
2419886874334572021110100018695
2419886874334542021042700014733
2419886874334572021042700011852
2419886874334542021070400029862
2419886874334512021021800002226
2419886874334542021093000030601
2419886874334502021100100007037
2419886874334572021110100031766
2419886874334542021080700006643
2419886874334572021093000030243
2419886874334572021110100021100
2419886874334512021042700008704
2419886874334582021021800011617
2419886874334572021080700018632
2419886874334512021040700009006
2419886874334512021021800000924
2419886874334512021100100011129
2419886874334502021040700008387
2419886874334572021110100013334
2419886874334572021021800026209
2419886874334572021042700014009
2419886874334572021110100024085
2419886874334572021070400025058
2419886874334572021040700014681
2419886874334572021040700026286
2419886874334512021080700024640
2419886874334572021093000009875
2419886874334542021100100003553
2419886874334542021080700030578
2419886874334572021042700022581
2419886874334582021093000006855
2419886874334542021040700030806
2419886874334512021093000023065
2419886874334572021042700007116
2419886874334512021110100031454
2419886874334572021040700019994
2419886874334572021021800002587
2419886874334572021042700014107
2419886874334572021011700026792
2419886874334572021042700006307
2419886874334572021050700030785
2419886874334542021080700011353
2419886874334502021021800013454
2419886874334512021021800021194
2419886874334512021070400010458
2419886874334572021040700031084
2419886874334572021110100003393
2419886874334572021080700003922
2419886874334512021011700005868
2419886874334572021093000001744
2419886874334572021093000004656
2419886874334572021080700029754
2419886874334582021040700009611
2419886874334572021021800030024
2419886874334572021110100009263
2419886874334512021093000018795
2419886874334572021042700013945
2419886874334572021070400003856
2419886874334542021050700006438
2419886874334572021021800025181
2419886874334512021070400001981
2419886874334572021011700018249
2419886874334572021070400019923
2419886874334572021100100016242
2419886874334582021040700007027
2419886874334572021093000008463
2419886874334572021110100007064
2419886874334502021093000024702
2419886874334572021021800012789
2419886874334572021050700027516
2419886874334512021021800027758
2419886874334502021011700011429
2419886874334572021100100026990
2419886874334512021040700016099
2419886874334502021093000004543
2419886874334572021040700024677
2419886874334512021080700030021
2419886874334502021021800022201
2419886874334572021042700005514
2419886874334542021080700007725
2419886874334542021040700021743
2419886874334502021080700019077
2419886874334512021093000030579
2419886874334512021093000019055
2419886874334542021080700030839
2419886874334572021011700012130
2419886874334572021011700007520
2419886874334582021050700009458
2419886874334502021080700000216
2419886874334512021093000027386
2419886874334502021040700002346
2419886874334512021042700030878
2419886874334512021110100020231
2419886874334582021040700019648
2419886874334572021050700010267
2419886874334572021100100012397
2419886874334512021040700021685
2419886874334582021011700010574
2419886874334572021050700009100
2419886874334502021070400020210
2419886874334542021100100019030
2419886874334572021042700002132
2419886874334512021021800018118
2419886874334572021070400023686
2419886874334502021021800026470
2419886874334572021050700017567
2419886874334512021042700000375
2419886874334502021070400002388
2419886874334572021011700013637
2419886874334502021040700002614
2419886874334502021040700030671
2419886874334572021042700025679
2419886874334572021093000029706
2419886874334502021080700018658
2419886874334572021070400000096
2419886874334512021100100015261
2419886874334502021080700032023
2419886874334572021040700030818
2419886874334572021050700030414
2419886874334512021070400029406
2419886874334572021080700013579
2419886874334502021011700029386
2419886874334512021040700021720
2419886874334502021070400014903
2419886874334572021110100007699
2419886874334572021042700004768
2419886874334582021021800009285
2419886874334572021050700008590
2419886874334512021011700026950
2419886874334512021021800019147
2419886874334572021100100022026
2419886874334512021050700010847
2419886874334582021070400008202
2419886874334512021110100015773
2419886874334582021050700006322
2419886874334572021011700018367
2419886874334512021080700014461
2419886874334582021070400020850
2419886874334582021110100024121
2419886874334572021021800005124
2419886874334572021070400018792
2419886874334512021093000019601
2419886874334542021040700021138
2419886874334512021040700011475
2419886874334572021042700018397
2419886874334572021011700002322
2419886874334582021070400008700
2419886874334542021110100028179
2419886874334572021093000019171
2419886874334512021050700012829
2419886874334572021021800029105
2419886874334572021042700006735
2419886874334502021040700025135
2419886874334572021100100004627
2419886874334512021110100002791
2419886874334572021042700002932
2419886874334572021021800029434
2419886874334502021110100022986
2419886874334502021021800026917
2419886874334572021080700007127
2419886874334572021110100016943
2419886874334502021110100016962
2419886874334572021050700025835
2419886874334502021040700000577
2419886874334512021040700002044
2419886874334502021011700025479
2419886874334572021110100009319
2419886874334582021040700029523
2419886874334542021070400010553
2419886874334572021011700023551
2419886874334572021040700006728
2419886874334512021050700002633
2419886874334582021011700024375
2419886874334512021093000029382
2419886874334572021011700032227
2419886874334512021100100024455
2419886874334572021040700027837
2419886874334572021080700008946
2419886874334572021100100012570
2419886874334572021070400023020
2419886874334572021080700032665
2419886874334542021080700029265
2419886874334572021042700028885
2419886874334572021100100011132
2419886874334572021080700015309
2419886874334582021042700011749
2419886874334512021042700026828
2419886874334502021021800025825
2419886874334572021110100026572
2419886874334572021011700007656
2419886874334582021093000007014
2419886874334572021093000003315
2419886874334512021021800020453
2419886874334572021021800019509
2419886874334542021070400009525
2419886874334512021042700031231
2419886874334512021011700007647
2419886874334572021011700001335
2419886874334512021050700008642
2419886874334512021110100007738
2419886874334572021100100011241
2419886874334542021110100007724
2419886874334572021070400009984
2419886874334582021080700003046
2419886874334512021011700014050
2419886874334572021110100008718
2419886874334572021021800018789
2419886874334512021042700020906
2419886874334572021080700010399
2419886874334512021040700025009
2419886874334502021100100015796
2419886874334572021093000001041
2419886874334572021050700026074
2419886874334582021070400013961
2419886874334572021050700025273
2419886874334572021021800013098
2419886874334572021021800021613
2419886874334572021110100009197
2419886874334572021042700008033
2419886874334572021100100031225
2419886874334572021021800028313
2419886874334572021100100000549
2419886874334502021021800001425
2419886874334512021040700029152
2419886874334572021042700006523
2419886874334502021021800025307
2419886874334502021011700013181
2419886874334542021050700011011
2419886874334572021110100006216
2419886874334512021093000028953
2419886874334572021080700000242
2419886874334582021070400004040
2419886874334542021011700004850
2419886874334572021100100029456
2419886874334512021110100009691
2419886874334582021040700011947
2419886874334512021040700032256
2419886874334512021021800029195
30002750004487158
