120220525
2786543874334572021070400031857
2786543874334512021021800025027
2786543874334572021100100001184
2786543874334572021040700021493
2786543874334572021093000019774
2786543874334542021021800000960
2786543874334502021093000027110
2786543874334572021110100011213
2786543874334572021110100003383
2786543874334512021080700027599
2786543874334542021042700029044
2786543874334542021050700002123
2786543874334572021040700030613
2786543874334572021080700025221
2786543874334572021050700019983
2786543874334572021042700031891
2786543874334512021110100004234
2786543874334572021050700000969
2786543874334542021110100015158
2786543874334572021070400016191
2786543874334572021110100007647
2786543874334542021080700007278
2786543874334512021040700000190
2786543874334512021100100020264
2786543874334512021080700013757
2786543874334512021093000021071
2786543874334572021011700018680
2786543874334572021050700018574
2786543874334542021040700009730
2786543874334572021042700010140
2786543874334572021093000030197
2786543874334572021110100020458
2786543874334542021011700020162
2786543874334542021042700002025
2786543874334502021040700001798
2786543874334572021011700031038
2786543874334542021040700017514
2786543874334572021040700007832
2786543874334572021093000000925
2786543874334572021080700005915
2786543874334512021042700006250
2786543874334572021042700015664
2786543874334572021100100018751
2786543874334572021042700023168
2786543874334572021050700022266
2786543874334572021011700024197
2786543874334582021070400027342
2786543874334572021093000030214
2786543874334502021011700027736
2786543874334502021080700026035
2786543874334542021042700020438
2786543874334512021110100020261
2786543874334572021080700010247
2786543874334572021080700024562
2786543874334572021070400030033
2786543874334582021093000029987
2786543874334512021021800002373
2786543874334542021080700010334
2786543874334572021021800003496
2786543874334542021070400031028
2786543874334572021100100008306
2786543874334542021042700012418
2786543874334542021042700020419
2786543874334572021100100024870
2786543874334582021050700029143
2786543874334572021070400007764
2786543874334542021093000031418
2786543874334502021050700013918
2786543874334512021050700030922
2786543874334572021042700029509
2786543874334572021050700000107
2786543874334542021050700009564
2786543874334582021050700010865
2786543874334502021040700032577
2786543874334502021021800010062
2786543874334572021080700006227
2786543874334572021093000014184
2786543874334542021110100012993
2786543874334572021070400028913
2786543874334512021080700008480
2786543874334572021070400014904
2786543874334582021021800024783
2786543874334572021042700003838
2786543874334572021070400021224
2786543874334512021050700029287
2786543874334502021070400024951
2786543874334572021042700014965
2786543874334572021042700030558
2786543874334512021011700017247
2786543874334512021093000014182
2786543874334572021070400018846
2786543874334512021110100000160
2786543874334512021040700018421
2786543874334572021011700027281
2786543874334542021011700002872
2786543874334512021093000002977
2786543874334572021080700011732
2786543874334502021042700016387
2786543874334572021011700031888
2786543874334502021093000008970
2786543874334572021050700018070
2786543874334582021100100003199
2786543874334572021042700022794
2786543874334582021070400012273
2786543874334542021093000025724
2786543874334572021100100009492
2786543874334582021042700004707
2786543874334572021042700031555
2786543874334572021042700025944
2786543874334582021070400019429
2786543874334572021011700001703
2786543874334512021011700016415
2786543874334572021080700008960
2786543874334542021011700002845
2786543874334572021040700015460
2786543874334502021011700001449
2786543874334582021100100011805
2786543874334512021040700009715
2786543874334572021040700012550
2786543874334512021050700004462
2786543874334582021040700021148
2786543874334542021100100015010
2786543874334582021011700019161
2786543874334512021050700002933
2786543874334582021100100026301
2786543874334572021011700002477
2786543874334572021011700020914
2786543874334572021021800006321
2786543874334512021110100024448
2786543874334512021080700028926
2786543874334502021011700027929
2786543874334572021011700023751
2786543874334542021100100015324
2786543874334572021100100022191
2786543874334502021042700016451
2786543874334582021042700009019
2786543874334512021050700019941
2786543874334542021093000016486
2786543874334572021011700022808
2786543874334572021021800005135
2786543874334572021070400007891
2786543874334512021021800001415
2786543874334572021021800027242
2786543874334572021040700011462
2786543874334572021110100013991
2786543874334572021040700022203
2786543874334542021042700016248
2786543874334512021042700015339
2786543874334572021080700030370
2786543874334582021042700017727
2786543874334572021070400018149
2786543874334572021080700001748
2786543874334572021070400016776
2786543874334502021050700005322
2786543874334502021042700032355
2786543874334512021110100020853
2786543874334542021093000005001
2786543874334542021110100019127
2786543874334572021040700018500
2786543874334572021093000008494
2786543874334572021050700023176
2786543874334572021042700029953
2786543874334572021011700014707
2786543874334512021040700028324
2786543874334502021070400021672
2786543874334512021011700031942
2786543874334512021011700022767
2786543874334572021080700025173
2786543874334572021080700011851
2786543874334572021040700001986
2786543874334512021070400011833
2786543874334572021040700009473
2786543874334512021011700021808
2786543874334572021100100008334
2786543874334572021093000003601
2786543874334582021042700013237
2786543874334502021011700030866
2786543874334572021040700008297
2786543874334512021110100020387
2786543874334572021070400012520
2786543874334572021021800014195
2786543874334502021040700021515
2786543874334572021070400013377
2786543874334572021021800015365
2786543874334502021050700025477
2786543874334512021070400032064
2786543874334502021011700002499
2786543874334572021070400013351
2786543874334572021011700025629
2786543874334572021100100003519
2786543874334572021100100006068
2786543874334572021093000005688
2786543874334502021011700016611
2786543874334572021070400028393
2786543874334582021110100022206
2786543874334572021070400027734
2786543874334512021110100011197
2786543874334572021110100007574
2786543874334512021070400022570
2786543874334572021050700030257
2786543874334572021040700002707
2786543874334572021100100000197
2786543874334512021080700003994
2786543874334512021011700005194
2786543874334572021021800015126
2786543874334512021110100003692
2786543874334572021021800023862
2786543874334502021110100017645
2786543874334512021110100013020
2786543874334512021021800014992
2786543874334572021070400012289
2786543874334512021040700022264
2786543874334502021042700031731
2786543874334502021040700023755
2786543874334572021110100031461
2786543874334572021040700019701
2786543874334572021093000018348
2786543874334572021050700001641
2786543874334582021042700024218
2786543874334572021100100007918
2786543874334582021011700026609
2786543874334572021093000032639
2786543874334572021021800018386
2786543874334542021070400013392
2786543874334572021093000020089
2786543874334512021042700015708
2786543874334572021080700008569
2786543874334572021093000001892
2786543874334582021040700028335
2786543874334572021100100012693
2786543874334512021100100017921
2786543874334512021070400020256
2786543874334572021040700002688
2786543874334512021100100020554
2786543874334572021100100029190
2786543874334502021042700018595
2786543874334572021110100011754
2786543874334512021093000018018
2786543874334572021011700027074
2786543874334512021050700002099
2786543874334582021042700008259
2786543874334572021093000008519
2786543874334512021011700023417
2786543874334512021011700000834
2786543874334572021100100025451
2786543874334512021100100020407
2786543874334572021021800024555
2786543874334512021093000013745
2786543874334572021042700018049
2786543874334572021110100020423
2786543874334572021070400031731
2786543874334572021093000007493
2786543874334572021040700013749
2786543874334572021011700005641
2786543874334512021011700003757
2786543874334572021042700012111
2786543874334572021110100012960
2786543874334572021021800002380
2786543874334512021040700021035
2786543874334572021080700023773
2786543874334572021080700006832
2786543874334572021011700005040
2786543874334572021042700014984
2786543874334572021110100031906
2786543874334542021110100001918
2786543874334512021021800002389
2786543874334502021093000020314
2786543874334512021110100001238
2786543874334572021093000003651
2786543874334572021110100019221
2786543874334512021100100029001
2786543874334572021080700030076
2786543874334542021011700014106
2786543874334512021042700015450
2786543874334512021093000031667
2786543874334572021100100027975
2786543874334572021080700031413
2786543874334572021100100025819
2786543874334572021040700016249
2786543874334572021042700003115
2786543874334582021021800024791
2786543874334512021100100007735
2786543874334572021080700003817
2786543874334572021021800004505
2786543874334572021050700011768
2786543874334512021110100004257
2786543874334582021093000021053
2786543874334572021011700032622
2786543874334542021050700020177
2786543874334502021093000026473
2786543874334572021042700009601
2786543874334502021011700025703
2786543874334572021050700001990
2786543874334572021011700012248
2786543874334572021011700029219
2786543874334572021011700001267
2786543874334542021021800011421
2786543874334572021110100020218
2786543874334572021021800022491
2786543874334582021110100028230
2786543874334572021050700005164
2786543874334582021050700013252
30003020004914241
