120220525
2001767874334512021110100025003
2001767874334542021042700027603
2001767874334572021050700005767
2001767874334572021050700005956
2001767874334572021100100017767
2001767874334582021040700028715
2001767874334502021050700010036
2001767874334572021040700006400
2001767874334572021093000032601
2001767874334572021011700000464
2001767874334572021100100030331
2001767874334572021100100011771
2001767874334572021110100006863
2001767874334572021042700027795
2001767874334542021110100016245
2001767874334572021110100017073
2001767874334572021080700029877
2001767874334572021070400007538
2001767874334572021093000004158
2001767874334582021021800017885
2001767874334512021050700021945
2001767874334572021042700028220
2001767874334572021110100014085
2001767874334502021011700000494
2001767874334582021080700001993
2001767874334502021040700012175
2001767874334572021050700026735
2001767874334512021100100004696
2001767874334572021070400013611
2001767874334572021021800023285
2001767874334512021080700032192
2001767874334542021042700017436
2001767874334572021050700004760
2001767874334572021042700030751
2001767874334582021040700005424
2001767874334542021110100003337
2001767874334572021011700013516
2001767874334572021110100004052
2001767874334582021042700012610
2001767874334582021042700024714
2001767874334512021011700010871
2001767874334572021093000008850
2001767874334512021042700019515
2001767874334542021042700011911
2001767874334572021042700014530
2001767874334502021021800024848
2001767874334512021011700023396
2001767874334542021050700018812
2001767874334502021050700030847
2001767874334502021080700002008
2001767874334542021093000023139
2001767874334572021011700008691
2001767874334582021042700022961
2001767874334512021093000027907
2001767874334572021080700005552
2001767874334542021040700028226
2001767874334572021021800003172
2001767874334502021093000000306
2001767874334502021050700023137
2001767874334572021100100032741
2001767874334582021110100011532
2001767874334572021021800017870
2001767874334582021100100024904
2001767874334512021050700023624
2001767874334572021040700003575
2001767874334572021021800032192
2001767874334512021050700011283
2001767874334502021110100000272
2001767874334512021011700010563
2001767874334572021040700006505
2001767874334572021050700001844
2001767874334502021080700010128
2001767874334572021080700025168
2001767874334582021042700019574
2001767874334572021070400017289
2001767874334582021093000014514
2001767874334582021011700018723
2001767874334502021110100031547
2001767874334582021100100020998
2001767874334572021011700002807
2001767874334512021042700025809
2001767874334572021070400028103
2001767874334572021011700030875
2001767874334582021093000000213
2001767874334502021021800030805
2001767874334572021070400009081
2001767874334512021110100024875
2001767874334512021093000023178
2001767874334582021070400028504
2001767874334512021042700008085
2001767874334542021040700009521
2001767874334512021080700021871
2001767874334512021040700010697
2001767874334572021050700027447
2001767874334512021080700008479
2001767874334572021040700030867
2001767874334502021093000011815
2001767874334572021021800010161
2001767874334512021021800012733
2001767874334572021042700011706
2001767874334512021110100030075
2001767874334572021021800001509
2001767874334572021040700016466
2001767874334572021070400010647
2001767874334542021021800027540
2001767874334572021093000032081
2001767874334572021100100015624
2001767874334512021100100019433
2001767874334542021080700013123
2001767874334572021070400013168
2001767874334572021011700006423
2001767874334572021021800013863
2001767874334572021070400022333
2001767874334572021040700017631
2001767874334572021110100001761
2001767874334572021021800031161
2001767874334572021021800009360
2001767874334572021070400000262
2001767874334512021021800000909
2001767874334572021100100028967
2001767874334512021080700004418
2001767874334502021070400017809
2001767874334512021080700027961
2001767874334512021050700020122
2001767874334512021100100027020
2001767874334542021050700027884
2001767874334512021042700028884
2001767874334502021021800014794
2001767874334512021011700016204
2001767874334572021080700013331
2001767874334572021011700021785
2001767874334572021011700013191
2001767874334572021110100014128
2001767874334572021050700020104
2001767874334572021093000012970
2001767874334572021042700008595
2001767874334512021093000007963
2001767874334572021110100024383
2001767874334572021011700003816
2001767874334572021080700017970
2001767874334582021011700010985
2001767874334572021042700000301
2001767874334572021100100022741
2001767874334502021070400025215
2001767874334542021100100030688
2001767874334572021093000021100
2001767874334572021100100008599
2001767874334572021021800027869
2001767874334572021093000003617
2001767874334502021040700003288
2001767874334542021100100002331
2001767874334572021042700032074
2001767874334582021100100009062
2001767874334572021011700002212
2001767874334572021093000012914
2001767874334502021021800000444
2001767874334572021100100006787
2001767874334512021042700022036
2001767874334512021093000026082
2001767874334502021070400016125
2001767874334572021011700024881
2001767874334512021021800021733
2001767874334572021100100022126
2001767874334542021080700016072
2001767874334572021093000000362
2001767874334542021080700031255
2001767874334572021050700020682
2001767874334572021100100005316
2001767874334512021050700025612
2001767874334502021042700030375
2001767874334512021042700019768
2001767874334572021100100026839
2001767874334512021011700028808
2001767874334582021021800003609
2001767874334572021042700024891
2001767874334572021070400021927
2001767874334572021021800010715
2001767874334512021080700020208
2001767874334542021011700024603
2001767874334512021093000027810
2001767874334572021050700005941
2001767874334512021110100004213
2001767874334572021110100023321
2001767874334572021021800030188
2001767874334572021093000008691
2001767874334512021021800028195
2001767874334502021070400000514
2001767874334572021070400006592
2001767874334572021093000004220
2001767874334582021080700001671
2001767874334512021110100002317
2001767874334572021080700024446
2001767874334512021050700029722
2001767874334572021110100032691
2001767874334512021042700013375
2001767874334542021040700017681
2001767874334512021093000014647
2001767874334502021080700019940
2001767874334572021080700028582
2001767874334582021070400015860
2001767874334572021070400008082
2001767874334512021080700025429
2001767874334502021100100016177
2001767874334572021110100024164
2001767874334572021011700027586
2001767874334572021040700011216
2001767874334572021100100001501
2001767874334502021050700021391
2001767874334572021110100002766
2001767874334502021110100015219
2001767874334542021080700030339
2001767874334572021080700009831
2001767874334542021021800016410
2001767874334512021011700005398
2001767874334512021021800025947
2001767874334572021093000020690
2001767874334572021011700022739
2001767874334512021042700029107
2001767874334572021042700016659
2001767874334572021080700017739
2001767874334512021070400030274
2001767874334572021042700023676
2001767874334572021050700031477
2001767874334572021021800017082
2001767874334572021110100007264
2001767874334572021042700001492
2001767874334572021080700020158
2001767874334572021042700029144
2001767874334572021093000024598
2001767874334572021011700007779
2001767874334572021040700002401
2001767874334512021042700000907
2001767874334502021100100032514
2001767874334572021093000029741
2001767874334572021100100024455
2001767874334582021093000009572
2001767874334572021100100020879
2001767874334542021011700001811
2001767874334572021040700025755
2001767874334572021050700004237
2001767874334572021110100007922
2001767874334572021070400019881
2001767874334572021011700029250
2001767874334582021050700013119
2001767874334572021050700019258
2001767874334542021050700010772
2001767874334502021070400018676
2001767874334512021040700007302
2001767874334542021093000027717
2001767874334582021021800000918
2001767874334572021080700005103
2001767874334512021070400000689
2001767874334582021070400008389
2001767874334572021021800004582
2001767874334512021050700024571
2001767874334572021080700028351
2001767874334512021021800028632
2001767874334572021050700030892
2001767874334512021093000018890
2001767874334572021080700016735
2001767874334502021050700023030
2001767874334572021093000002091
2001767874334502021110100002164
2001767874334572021021800016612
2001767874334572021093000015659
2001767874334572021100100013920
2001767874334502021070400022560
2001767874334582021100100012668
2001767874334582021093000026148
2001767874334542021021800001467
2001767874334572021011700014659
2001767874334582021011700009031
2001767874334572021110100001244
2001767874334542021070400028173
2001767874334572021093000026169
2001767874334572021011700019768
2001767874334572021080700016937
2001767874334572021042700026593
2001767874334512021040700023524
2001767874334512021011700007345
2001767874334502021093000022343
2001767874334572021011700026772
2001767874334512021093000025584
2001767874334572021021800026299
2001767874334502021021800002007
2001767874334502021021800032210
2001767874334572021050700030729
2001767874334572021042700018035
2001767874334572021040700011987
2001767874334572021021800030398
2001767874334542021110100006850
2001767874334572021080700008866
2001767874334512021011700001429
2001767874334542021080700006996
2001767874334512021021800014682
2001767874334572021070400027810
2001767874334572021042700013396
2001767874334572021100100003805
2001767874334572021100100004104
2001767874334572021021800016779
2001767874334572021050700022319
2001767874334572021093000002772
2001767874334512021080700017140
2001767874334502021100100022436
2001767874334572021040700027271
2001767874334542021050700004759
2001767874334572021021800029319
2001767874334572021050700006336
2001767874334512021100100008669
2001767874334582021042700026393
2001767874334572021040700016887
2001767874334542021040700004490
2001767874334512021110100017652
2001767874334512021080700014449
2001767874334582021042700006192
2001767874334572021080700010049
2001767874334512021040700011852
2001767874334512021080700016134
2001767874334572021080700026657
2001767874334512021080700020284
2001767874334542021100100017392
30003210005283123
