120220525
2018887874334572021042700025879
2018887874334512021011700025016
2018887874334572021042700000126
2018887874334512021021800019118
2018887874334572021040700026502
2018887874334512021011700025141
2018887874334512021021800030411
2018887874334572021011700014658
2018887874334512021042700018897
2018887874334512021070400015525
2018887874334572021040700015631
2018887874334502021110100022483
2018887874334572021093000007251
2018887874334502021050700020434
2018887874334582021070400022176
2018887874334572021021800010512
2018887874334572021050700024120
2018887874334542021100100001063
2018887874334572021042700025041
2018887874334572021080700017108
2018887874334572021100100021545
2018887874334572021070400029145
2018887874334572021080700006236
2018887874334502021080700015566
2018887874334512021080700023549
2018887874334502021040700005981
2018887874334502021100100016036
2018887874334572021050700011650
2018887874334512021042700007990
2018887874334512021021800019631
2018887874334502021100100008448
2018887874334512021050700021544
2018887874334502021110100013256
2018887874334512021050700031316
2018887874334572021042700014161
2018887874334512021100100020973
2018887874334572021110100008004
2018887874334572021110100022780
2018887874334572021093000026528
2018887874334572021042700002269
2018887874334512021110100007528
2018887874334572021050700025688
2018887874334572021050700022114
2018887874334572021070400022500
2018887874334512021110100013775
2018887874334512021021800015250
2018887874334572021110100018473
2018887874334572021080700029062
2018887874334502021021800020891
2018887874334572021011700009917
2018887874334512021100100015108
2018887874334572021011700025938
2018887874334512021110100025869
2018887874334572021080700023842
2018887874334512021070400006564
2018887874334572021011700029909
2018887874334512021093000016533
2018887874334572021011700012614
2018887874334512021093000031965
2018887874334572021110100008367
2018887874334572021110100021011
2018887874334572021050700032391
2018887874334582021093000013741
2018887874334582021040700002758
2018887874334512021011700007040
2018887874334512021050700009839
2018887874334502021021800031807
2018887874334582021080700009710
2018887874334542021093000015413
2018887874334572021080700029091
2018887874334512021042700010247
2018887874334582021042700016586
2018887874334572021042700004146
2018887874334572021050700030943
2018887874334572021070400031868
2018887874334512021011700015571
2018887874334572021070400024736
2018887874334572021042700003131
2018887874334512021093000013506
2018887874334502021021800024611
2018887874334572021110100009521
2018887874334582021042700012994
2018887874334512021011700016103
2018887874334572021021800021692
2018887874334582021080700012391
2018887874334542021021800027350
2018887874334572021070400020364
2018887874334512021093000019048
2018887874334572021080700032368
2018887874334502021021800010166
2018887874334572021093000004111
2018887874334572021021800010745
2018887874334572021093000018450
2018887874334542021011700023593
2018887874334582021011700023710
2018887874334572021110100009402
2018887874334512021080700020987
2018887874334582021070400014447
2018887874334572021093000013684
2018887874334512021070400000293
2018887874334512021080700004193
2018887874334502021011700028438
2018887874334512021011700004518
2018887874334572021040700018271
2018887874334572021050700014272
2018887874334572021100100029192
2018887874334542021021800003114
2018887874334542021093000008410
2018887874334512021040700011123
2018887874334512021042700007780
2018887874334512021093000002494
2018887874334582021021800030445
2018887874334502021040700024005
2018887874334572021110100018649
2018887874334512021080700020454
2018887874334582021050700029090
2018887874334572021040700026953
2018887874334512021011700016826
2018887874334572021042700021762
2018887874334582021050700002500
2018887874334572021093000021524
2018887874334572021040700018269
2018887874334502021021800010908
2018887874334582021011700028597
2018887874334572021042700003545
2018887874334542021110100007345
2018887874334572021070400032626
2018887874334572021070400010729
2018887874334512021100100021807
2018887874334572021110100027170
2018887874334572021050700016300
2018887874334572021080700011519
2018887874334572021100100002017
2018887874334512021070400002052
2018887874334572021011700000372
2018887874334512021042700015536
2018887874334502021093000013976
2018887874334582021050700018254
2018887874334572021080700009465
2018887874334512021110100025373
2018887874334572021021800008301
2018887874334502021093000031765
2018887874334572021070400030546
2018887874334512021080700025677
2018887874334572021110100019818
2018887874334512021070400004399
2018887874334542021050700023609
2018887874334582021021800006988
2018887874334572021042700008249
2018887874334572021021800000988
2018887874334572021070400003542
2018887874334512021093000024232
2018887874334512021093000000942
2018887874334572021011700005122
2018887874334572021011700015797
2018887874334502021021800005151
2018887874334512021070400005054
2018887874334542021040700012009
2018887874334582021100100012845
2018887874334512021040700031051
2018887874334542021042700003597
2018887874334572021050700023943
2018887874334542021100100021423
2018887874334572021100100010371
2018887874334572021050700008117
2018887874334502021110100022406
2018887874334512021110100008537
2018887874334572021050700022550
2018887874334542021100100030981
2018887874334572021110100003213
2018887874334572021070400005574
2018887874334572021042700023583
2018887874334512021070400006704
2018887874334572021100100020540
2018887874334572021011700001915
2018887874334572021011700024316
2018887874334512021042700004922
2018887874334542021021800024549
2018887874334572021093000019682
2018887874334572021093000014608
2018887874334542021011700027929
2018887874334572021100100007235
2018887874334502021100100027548
2018887874334512021050700000455
2018887874334512021110100013085
2018887874334582021042700012038
2018887874334502021110100005256
2018887874334572021100100031477
2018887874334542021080700022337
2018887874334502021110100002826
2018887874334572021040700006042
2018887874334572021011700000878
2018887874334572021042700016399
2018887874334572021100100031985
2018887874334572021021800031193
2018887874334502021080700032296
2018887874334572021070400030088
2018887874334582021093000024625
2018887874334572021100100014315
2018887874334512021100100015803
2018887874334572021050700026367
2018887874334572021110100020241
2018887874334572021011700000307
2018887874334542021080700010153
2018887874334572021042700016204
2018887874334542021100100005296
2018887874334572021093000005839
2018887874334572021093000008691
2018887874334582021021800005136
2018887874334572021011700032587
2018887874334502021040700018817
2018887874334572021070400006641
2018887874334572021093000003572
2018887874334512021050700006997
2018887874334572021050700021817
2018887874334572021042700015355
2018887874334582021110100025602
2018887874334572021093000021769
2018887874334502021011700019707
2018887874334502021080700029365
2018887874334542021093000024622
2018887874334572021040700010059
2018887874334512021042700028276
2018887874334582021100100015021
2018887874334502021021800032261
2018887874334572021100100030606
2018887874334572021100100012342
2018887874334572021040700017615
2018887874334542021011700001683
2018887874334572021021800027837
2018887874334572021042700010304
2018887874334512021093000019072
2018887874334512021021800024793
2018887874334572021070400030404
2018887874334502021042700000061
2018887874334542021100100015779
2018887874334512021070400019722
2018887874334572021093000011857
2018887874334502021070400025952
2018887874334512021110100020924
2018887874334582021070400016889
2018887874334542021100100000908
2018887874334512021042700022089
2018887874334512021011700002233
2018887874334512021093000007493
2018887874334512021042700017777
2018887874334572021011700014330
2018887874334542021042700022091
2018887874334542021093000003074
2018887874334582021050700005694
2018887874334572021110100017764
2018887874334512021080700021456
2018887874334582021011700009941
2018887874334572021040700007990
2018887874334572021011700002170
2018887874334582021011700018409
2018887874334572021100100006894
2018887874334542021080700008972
2018887874334542021080700032432
2018887874334502021021800008565
2018887874334572021050700016035
2018887874334572021021800020777
2018887874334582021042700027856
2018887874334512021080700010202
2018887874334572021040700007451
2018887874334582021021800012482
2018887874334512021042700032209
2018887874334512021080700022746
2018887874334512021021800026410
2018887874334572021011700009129
2018887874334572021021800007443
2018887874334542021080700012785
2018887874334572021093000003390
2018887874334512021040700024678
2018887874334572021050700001487
2018887874334512021050700010408
2018887874334502021011700032388
2018887874334572021011700019179
2018887874334582021050700012363
2018887874334572021021800005834
2018887874334512021110100028214
2018887874334542021100100017893
2018887874334572021042700016093
2018887874334502021070400005011
2018887874334572021093000004372
2018887874334512021021800012805
2018887874334512021011700007054
2018887874334512021100100025938
2018887874334582021110100012091
2018887874334512021100100018808
2018887874334572021011700003552
30002910004690378
