120220525
2001876874334572021042700020160
2001876874334582021040700030644
2001876874334512021042700024258
2001876874334502021021800023988
2001876874334542021100100012915
2001876874334572021093000013659
2001876874334512021070400000261
2001876874334572021040700012889
2001876874334572021050700024638
2001876874334542021040700001514
2001876874334572021100100008686
2001876874334502021011700024191
2001876874334572021093000021433
2001876874334582021070400018006
2001876874334542021050700021972
2001876874334582021100100009022
2001876874334542021021800024005
2001876874334572021021800003425
2001876874334572021110100015665
2001876874334502021042700021500
2001876874334572021042700026143
2001876874334572021093000005135
2001876874334502021070400011849
2001876874334572021093000020957
2001876874334512021040700011215
2001876874334572021070400022188
2001876874334542021093000008220
2001876874334572021080700017167
2001876874334542021042700022786
2001876874334572021100100015594
2001876874334572021021800028273
2001876874334572021042700017579
2001876874334512021070400019743
2001876874334512021093000023621
2001876874334582021093000025128
2001876874334572021100100024365
2001876874334572021110100016291
2001876874334502021100100014096
2001876874334572021100100000641
2001876874334512021021800022997
2001876874334582021100100026595
2001876874334572021021800006870
2001876874334582021050700032362
2001876874334572021021800005473
2001876874334512021011700029851
2001876874334572021110100020857
2001876874334582021040700006311
2001876874334582021011700013738
2001876874334502021040700003868
2001876874334502021093000021194
2001876874334512021042700017628
2001876874334542021050700028327
2001876874334572021070400024004
2001876874334572021070400001061
2001876874334512021070400023454
2001876874334572021042700029713
2001876874334502021042700020438
2001876874334512021050700023921
2001876874334542021070400021484
2001876874334572021110100000928
2001876874334572021011700031560
2001876874334542021050700012699
2001876874334572021110100015841
2001876874334512021040700017214
2001876874334572021080700026881
2001876874334582021040700007321
2001876874334572021100100030764
2001876874334542021070400021350
2001876874334582021080700023146
2001876874334512021100100002827
2001876874334502021042700024490
2001876874334572021070400010828
2001876874334572021080700032390
2001876874334572021042700030866
2001876874334572021050700032695
2001876874334582021093000001311
2001876874334512021093000014565
2001876874334542021042700026358
2001876874334572021042700023866
2001876874334542021080700004963
2001876874334512021042700025240
2001876874334572021070400016291
2001876874334582021050700012704
2001876874334572021093000010081
2001876874334502021110100030962
2001876874334572021042700022891
2001876874334512021011700021348
2001876874334582021093000000486
2001876874334582021093000005920
2001876874334572021110100017444
2001876874334572021021800019195
2001876874334502021050700025233
2001876874334572021011700001931
2001876874334502021011700010400
2001876874334582021070400015122
2001876874334572021021800028244
2001876874334582021040700009068
2001876874334572021040700004751
2001876874334572021021800021755
2001876874334582021040700021385
2001876874334572021080700020462
2001876874334572021110100004466
2001876874334572021110100018325
2001876874334512021100100001081
2001876874334542021070400025557
2001876874334572021100100028840
2001876874334502021093000022033
2001876874334572021021800031815
2001876874334512021040700000551
2001876874334572021042700027111
2001876874334542021080700003223
2001876874334572021093000016085
2001876874334582021070400000926
2001876874334512021042700017567
2001876874334572021050700013072
2001876874334512021040700020908
2001876874334542021093000022886
2001876874334542021011700032069
2001876874334572021080700013735
2001876874334572021080700020046
2001876874334572021011700014404
2001876874334512021011700004095
2001876874334572021093000031557
2001876874334572021042700030242
2001876874334512021093000001529
2001876874334512021040700001368
2001876874334572021100100025865
2001876874334572021093000031152
2001876874334572021042700012578
2001876874334572021021800028385
2001876874334572021080700012466
2001876874334542021021800003487
2001876874334502021110100005533
2001876874334572021040700007194
2001876874334542021042700029387
2001876874334572021080700023092
2001876874334572021080700028321
2001876874334572021093000004099
2001876874334572021050700001362
2001876874334572021042700020692
2001876874334572021100100024113
2001876874334572021080700022425
2001876874334572021011700006335
2001876874334512021021800007352
2001876874334572021100100027081
2001876874334572021100100031506
2001876874334572021040700024804
2001876874334512021093000004326
2001876874334502021080700008614
2001876874334572021050700023229
2001876874334582021080700029897
2001876874334542021021800025966
2001876874334572021040700032292
2001876874334572021070400001779
2001876874334572021042700023417
2001876874334572021093000023961
2001876874334582021100100012724
2001876874334512021021800000673
2001876874334572021042700021445
2001876874334572021100100013196
2001876874334572021040700022643
2001876874334512021070400020348
2001876874334572021100100009055
2001876874334512021100100032171
2001876874334572021040700006669
2001876874334542021040700001392
2001876874334572021040700010156
2001876874334572021021800016999
2001876874334502021093000003868
2001876874334512021011700030633
2001876874334502021042700016106
2001876874334582021093000018706
2001876874334582021011700019746
2001876874334512021021800005517
2001876874334572021050700025172
2001876874334572021050700001693
2001876874334572021042700012874
2001876874334572021021800029648
2001876874334512021042700024774
2001876874334512021050700007920
2001876874334512021100100025275
2001876874334542021093000016243
2001876874334512021040700024558
2001876874334572021070400024855
2001876874334512021110100024952
2001876874334572021011700027477
2001876874334572021080700020756
2001876874334512021042700003948
2001876874334582021042700026101
2001876874334512021110100009570
2001876874334502021042700010763
2001876874334502021080700024968
2001876874334572021070400011512
2001876874334512021042700008213
2001876874334582021080700027126
2001876874334572021100100008462
2001876874334572021080700003005
2001876874334572021021800030986
2001876874334542021050700024964
2001876874334502021021800023109
2001876874334572021040700013939
2001876874334582021070400023315
2001876874334572021050700020917
2001876874334512021040700026872
2001876874334572021021800004635
2001876874334572021100100019873
2001876874334502021021800007924
2001876874334512021042700022018
2001876874334512021070400001407
2001876874334512021070400024354
2001876874334572021050700022650
2001876874334572021040700031845
2001876874334502021021800008530
2001876874334572021042700007054
2001876874334582021040700008924
2001876874334572021050700014447
2001876874334512021100100008574
2001876874334572021011700012933
2001876874334572021042700025850
2001876874334572021080700028220
2001876874334512021011700014941
2001876874334572021093000024325
2001876874334572021021800000195
2001876874334582021110100008665
2001876874334572021021800032068
2001876874334572021080700024175
2001876874334572021100100019828
2001876874334572021080700013239
2001876874334512021040700000786
2001876874334572021070400030706
2001876874334572021050700013349
2001876874334572021050700031208
2001876874334512021100100001084
2001876874334572021080700018291
2001876874334572021093000023298
2001876874334572021021800020232
2001876874334572021011700020584
2001876874334542021070400000101
2001876874334512021080700031356
2001876874334572021042700025684
2001876874334582021110100013075
2001876874334542021021800006183
2001876874334502021011700022211
2001876874334572021110100007996
2001876874334572021093000017096
2001876874334572021093000013996
2001876874334502021011700008489
2001876874334572021070400020296
2001876874334572021093000005228
2001876874334572021040700026426
2001876874334572021080700024123
2001876874334512021080700022238
2001876874334512021042700008569
2001876874334512021110100017356
2001876874334572021050700000991
2001876874334502021100100030825
2001876874334512021093000012031
2001876874334542021011700003323
2001876874334512021042700006488
2001876874334572021050700031939
2001876874334582021080700024037
2001876874334572021050700000768
2001876874334512021021800014954
2001876874334572021080700019491
2001876874334582021011700032668
2001876874334572021093000027780
2001876874334572021011700004319
2001876874334512021042700021083
2001876874334572021011700010909
2001876874334542021080700026040
2001876874334502021011700006272
2001876874334572021040700003607
2001876874334572021042700027923
2001876874334572021011700000448
2001876874334512021042700019532
2001876874334572021100100008514
2001876874334572021011700022274
2001876874334572021050700031616
2001876874334572021093000022434
2001876874334572021100100011254
2001876874334572021042700005653
2001876874334572021021800024586
2001876874334512021011700012229
2001876874334572021050700021031
2001876874334572021070400005009
2001876874334582021100100025004
2001876874334502021100100031806
2001876874334572021093000025952
2001876874334572021100100008546
2001876874334512021042700013491
2001876874334582021011700023606
2001876874334502021093000005987
2001876874334572021110100015039
2001876874334572021021800002443
2001876874334572021011700030603
2001876874334572021093000001734
2001876874334572021011700003460
2001876874334582021093000019953
2001876874334502021110100028147
2001876874334572021050700025024
2001876874334572021042700028298
2001876874334572021011700020756
2001876874334512021042700006048
2001876874334542021040700030461
2001876874334572021100100011181
2001876874334542021011700004634
2001876874334542021110100006438
2001876874334502021021800012144
2001876874334572021080700010240
2001876874334572021080700000192
2001876874334542021110100017399
30003110005273208
